0201
0100
0010
1020
2030
3031
3132
3233
3323
2313
1312
1222
2221
2111
1112
1202
0201
0111
1112
1222
2221
2111
1101
0102
0212
1213
1303
0302
0201
0111
1110
1020
2030
3031
3121
2122
2223
2333
3332
3222
2212
1202
0201
0111
1110
1020
2021
2122
2223
2313
1312
1211
1121
2120
2030
3031
3132
3222
2223
2333
3332
3231
3121
2111
1110
1020
2021
2122
2212
1202
0201
0111
1121
2120
2010
1011
1121
2120
2010
1011
1112
1222
2221
2120
2010
1011
1121
2122
2232
3233
3323
2322
2232
3231
3121
2122
2223
2333
3332
3222
2221
2131
3132
3233
